5 0.040723
10 0.090037
15 0.132309
20 0.1684
25 0.217321
30 0.250163
35 0.283151
40 0.313613
45 0.32377
50 0.362244
55 0.406388
60 0.452921
65 0.486675
70 0.544746
75 0.540502
80 0.599648
85 0.602933
90 0.635336
95 0.693848
100 0.742564
105 0.786684
110 0.848115
115 0.827634
120 0.887261
125 0.923206
130 0.977214
135 1.03589
140 1.07706
145 1.03903
150 1.16752
155 1.19861
160 1.18682
165 1.26726
170 1.27519
175 1.2807
180 1.27312
185 1.32419
190 1.36466
195 1.39817
200 1.4794
205 1.49974
210 1.52878
215 1.56772
220 1.58722
225 1.66205
230 1.71405
235 1.79981
240 1.78073
245 1.7991
250 1.86579
255 1.89777
260 1.93262
265 1.9365
270 2.00765
275 2.02301
280 2.06769
285 2.08866
290 2.11354
295 2.16392
300 2.18623
305 2.2784
310 2.31178
315 2.34323
320 2.3797
325 2.4181
330 2.46863
335 2.53052
340 2.61017
345 2.58028
350 2.67347
355 2.73899
360 2.70888
365 2.73743
370 2.70068
375 2.74901
380 2.80003
385 2.82152
390 2.82243
395 2.88219
400 2.87868
405 2.92423
410 2.97683
415 3.07054
420 3.14866
425 3.19516
430 3.20896
435 3.22711
440 3.30848
445 3.32578
450 3.34513
455 3.35774
460 3.47981
465 3.56188
470 3.60693
475 3.62075
480 3.67083
485 3.63261
490 3.63848
495 3.68891
500 3.7575
505 3.81873
510 3.78075
515 3.89022
520 3.89776
525 3.86518
530 3.85263
535 4.01362
540 4.05498
545 4.15362
550 4.1761
555 4.22336
560 4.25365
565 4.25996
570 4.23645
575 4.30959
580 4.36045
585 4.28821
590 4.44112
595 4.49438
600 4.53565
605 4.54056
610 4.48864
615 4.70072
620 4.64233
625 4.70386
630 4.81732
635 4.80014
640 4.74058
645 4.77983
650 4.8833
655 4.94109
660 4.99589
665 5.01203
670 4.97629
675 5.23808
680 5.09711
685 5.11384
690 5.20533
695 5.17371
700 5.26279
705 5.20341
710 5.14181
715 5.44901
720 5.31693
725 5.32493
730 5.28969
735 5.41116
740 5.48274
745 5.65182
750 5.71144
755 5.77243
760 5.67119
765 5.89055
770 5.84339
775 5.85778
780 5.81337
785 5.8021
790 5.83114
795 6.00374
800 6.05903
805 6.10237
810 6.06376
815 6.12672
820 6.21559
825 6.20615
830 6.18276
835 6.38446
840 6.2626
845 6.33712
850 6.40146
855 6.40236
860 6.40507
865 6.54907
870 6.53081
875 6.55905
880 6.67988
885 6.72242
890 6.5674
895 6.80879
900 6.74443
905 7.02374
910 6.70966
915 6.88276
920 6.82081
925 6.88614
930 6.9259
935 7.0146
940 7.04413
945 7.00922
950 7.17971
955 7.28996
960 7.22127
965 7.24131
970 7.33895
975 7.33471
980 7.35887
985 7.40431
990 7.36213
995 7.19329
1000 7.45144
1005 7.61408
1010 7.7651
1015 7.55982
1020 7.55628
1025 7.6577
1030 7.65958
1035 7.7531
1040 7.81978
1045 7.73788
1050 7.89135
1055 7.91094
1060 7.97235
1065 7.93961
1070 8.06607
1075 8.09288
1080 8.1842
1085 8.19821
1090 8.29403
1095 8.26967
1100 8.15612
1105 8.27983
1110 8.37906
1115 8.34689
1120 8.32476
1125 8.41653
1130 8.51418
1135 8.58552
1140 8.62372
1145 8.63827
1150 8.45895
1155 8.64152
1160 8.68879
1165 8.71001
1170 8.72892
1175 8.98517
1180 8.88478
1185 8.95792
1190 8.72023
1195 9.02267
1200 8.78046
1205 8.94753
1210 8.96611
1215 9.16068
1220 9.17185
1225 9.26848
1230 9.43902
1235 9.36624
1240 9.30718
1245 9.10476
1250 9.55988
1255 9.29251
1260 9.51189
1265 9.53264
1270 9.50185
1275 9.61848
1280 9.57712
1285 9.6546
1290 9.66476
1295 9.79161
1300 9.546
1305 9.8432
1310 9.83767
1315 9.86093
1320 9.84957
1325 9.97839
1330 9.88837
1335 10.0082
1340 10.1128
1345 10.1989
1350 10.2356
1355 10.1345
1360 10.2256
1365 10.1772
1370 10.3002
1375 10.2494
1380 10.5224
1385 10.4073
1390 10.4655
1395 10.363
1400 10.5283
1405 10.4394
1410 10.51
1415 10.5559
1420 10.5062
1425 10.898
1430 10.6397
1435 10.6035
1440 10.8242
1445 10.7488
1450 10.7854
1455 10.835
1460 10.897
1465 10.9178
1470 10.9666
1475 11.0403
1480 11.1163
1485 11.1262
1490 11.1185
1495 11.1632
1500 11.6087
1505 11.4893
1510 11.3339
1515 11.3765
1520 11.3539
1525 11.5424
1530 11.5123
1535 11.6664
1540 11.535
1545 11.4441
1550 11.6282
1555 11.6148
1560 11.669
1565 11.7208
1570 11.7969
1575 11.8118
1580 11.8794
1585 11.939
1590 11.971
1595 11.963
1600 12.0087
1605 11.9093
1610 12.2717
1615 12.1641
1620 12.2305
1625 12.154
1630 12.2483
1635 12.2874
1640 12.2839
1645 12.2115
1650 12.2463
1655 12.4957
1660 12.4326
1665 12.431
1670 12.4285
1675 12.5805
1680 12.5463
1685 12.526
1690 12.7119
1695 12.6904
1700 12.8034
1705 12.7399
1710 12.8003
1715 12.9023
1720 12.8544
1725 12.8162
1730 13.0207
1735 13.0812
1740 13.1021
1745 13.2112
1750 13.1529
1755 13.0888
1760 13.4308
1765 13.4272
1770 13.2506
1775 13.3078
1780 13.5274
1785 13.4883
1790 13.2785
1795 13.3308
1800 13.6952
1805 13.5428
1810 13.4055
1815 13.6909
1820 13.6829
1825 13.6973
1830 13.7077
1835 13.8626
1840 13.7396
1845 13.7936
1850 13.7287
1855 13.8738
1860 13.9243
1865 14.044
1870 14.0723
1875 13.9789
1880 13.9468
1885 14.0882
1890 14.228
1895 14.2108
1900 14.367
1905 14.2251
1910 14.4259
1915 14.394
1920 14.3791
1925 14.5412
1930 14.4275
1935 14.5866
1940 14.5341
1945 14.4801
1950 14.5318
1955 14.5415
1960 14.778
1965 14.8371
1970 14.7221
1975 14.7202
1980 14.787
1985 14.9123
1990 14.8357
1995 14.8629
2000 15.0164
2005 15.053
2010 15.0432
2015 15.2486
2020 15.0512
2025 15.2031
2030 15.2085
2035 15.2315
2040 15.3511
2045 15.2913
2050 15.364
2055 15.4683
2060 15.4279
2065 15.5998
2070 15.6304
2075 15.5392
2080 15.671
2085 15.5719
2090 15.6214
2095 15.6172
2100 15.6749
2105 15.7689
2110 15.8823
2115 15.7269
2120 15.7917
2125 16.0151
2130 15.9783
2135 15.9978
2140 16.1151
2145 16.0172
2150 16.1032
2155 16.1481
2160 16.1561
2165 16.2472
2170 16.1882
2175 16.3658
2180 16.5537
2185 16.5095
2190 16.4828
2195 16.382
2200 16.6572
2205 16.6821
2210 16.5183
2215 16.5324
2220 16.6995
2225 16.6829
2230 16.6594
2235 16.6616
2240 17.0025
2245 16.7711
2250 16.9081
2255 16.9257
2260 17.0597
2265 17.1062
2270 16.9466
2275 17.056
2280 17.1285
2285 17.0667
2290 17.2134
2295 17.3258
2300 17.2791
2305 17.3706
2310 17.4127
2315 17.2817
2320 17.3536
2325 17.4537
2330 17.5461
2335 17.4274
2340 17.639
2345 17.5703
2350 17.6486
2355 17.612
2360 17.7403
2365 17.7681
2370 17.7883
2375 17.9236
2380 17.8394
2385 18.0979
2390 17.8979
2395 17.9098
2400 18.0811
2405 18.1435
2410 18.1325
2415 18.1279
2420 18.1009
2425 18.224
2430 18.1557
2435 18.2953
2440 18.4622
2445 18.2794
2450 18.4781
2455 18.3129
2460 18.3752
2465 18.5907
2470 18.5057
2475 18.6683
2480 18.5927
2485 18.6435
2490 18.6817
2495 18.7011
2500 18.7849
2505 18.8358
2510 18.7882
2515 18.7949
2520 18.8126
2525 18.9057
2530 18.8977
2535 18.9533
2540 19.0334
2545 19.1894
2550 19.2199
2555 19.2056
2560 19.0505
2565 19.3536
2570 19.2865
2575 19.3373
2580 19.4339
2585 19.4128
2590 19.3576
2595 19.6037
2600 19.4744
2605 19.4944
2610 19.5501
2615 19.7004
2620 19.7297
2625 19.6189
2630 19.7233
2635 19.6974
2640 19.8777
2645 19.9188
2650 20.2125
2655 20.0931
2660 20.1343
2665 20.4786
2670 20.0189
2675 20.1006
2680 20.1854
2685 20.0725
2690 20.3366
2695 20.0161
2700 20.117
2705 20.1199
2710 20.204
2715 20.3724
2720 20.2871
2725 20.2955
2730 20.3116
2735 20.5021
2740 20.7695
2745 20.9608
2750 20.7976
2755 20.7089
2760 20.8816
2765 20.9448
2770 20.9396
2775 21.0581
2780 21.1786
2785 21.0203
2790 21.1163
2795 21.2052
2800 21.2015
2805 21.3196
2810 21.3004
2815 21.5284
2820 21.4336
2825 21.4069
2830 21.4766
2835 21.637
2840 21.5873
2845 21.6098
2850 21.4472
2855 21.5828
2860 21.408
2865 21.5291
2870 21.6828
2875 21.5902
2880 21.7823
2885 21.4211
2890 21.672
2895 21.6764
2900 21.8421
2905 21.7524
2910 22.1655
2915 21.8825
2920 22.0997
2925 22.141
2930 22.0958
2935 22.3204
2940 22.0438
2945 22.1676
2950 22.2277
2955 22.3213
2960 22.1237
2965 22.1099
2970 22.3018
2975 22.2948
2980 22.3117
2985 22.6237
2990 22.3277
2995 22.4537
3000 22.4972
3005 22.5189
3010 22.836
3015 22.4248
3020 22.8601
3025 22.6165
3030 22.8511
3035 22.6704
3040 22.7638
3045 22.7717
3050 22.8339
3055 22.7053
3060 23.0919
3065 22.8703
3070 23.2313
3075 23.0872
3080 23.0422
3085 23.1039
3090 23.0763
3095 23.2289
3100 23.1488
3105 23.287
3110 23.4238
3115 23.6991
3120 23.7985
3125 23.5421
3130 24.1079
3135 23.8356
3140 23.8612
3145 23.8536
3150 24.1167
3155 23.7697
3160 23.7754
3165 23.6877
3170 23.9232
3175 23.7682
3180 23.987
3185 23.971
3190 24.1354
3195 23.9597
3200 24.094
3205 24.1703
3210 24.3482
3215 24.3544
3220 24.3487
3225 24.4008
3230 24.3557
3235 24.3724
3240 24.3952
3245 24.3677
3250 24.7306
3255 24.417
3260 24.4478
3265 24.4351
3270 24.8376
3275 24.4502
3280 24.518
3285 24.8063
3290 24.5313
3295 24.7216
3300 24.9778
3305 25.0209
3310 25.1265
3315 25.2458
3320 25.2451
3325 25.2863
3330 25.2098
3335 25.4525
3340 25.2359
3345 25.4767
3350 25.2969
3355 25.4298
3360 25.6961
3365 25.4842
3370 25.7126
3375 25.3631
3380 25.6485
3385 25.6186
3390 25.6202
3395 25.1663
3400 25.7029
3405 25.3076
3410 25.521
3415 25.168
3420 25.4629
3425 25.5751
3430 25.6131
3435 25.6928
3440 25.9425
3445 26.0793
3450 25.8896
3455 25.8615
3460 25.8579
3465 26.2707
3470 26.1026
3475 26.1563
3480 26.113
3485 26.1383
3490 26.1839
3495 26.3266
3500 26.3745
3505 26.1249
3510 26.4585
3515 26.0884
3520 26.2597
3525 26.5665
3530 26.7057
3535 26.7089
3540 26.5373
3545 26.7198
3550 26.5789
3555 26.8657
3560 26.7083
3565 26.7279
3570 26.9792
3575 27.0472
3580 27.019
3585 27.2454
3590 27.4247
3595 27.1732
3600 27.0795
3605 27.1414
3610 27.0736
3615 27.3653
3620 26.8537
3625 26.8551
3630 27.0943
3635 27.1543
3640 27.0381
3645 26.9728
3650 27.3369
3655 27.6468
3660 27.6124
3665 27.8299
3670 27.8045
3675 27.8527
3680 27.7081
3685 27.8337
3690 28.0078
3695 27.7494
3700 27.7163
3705 27.3886
3710 27.9384
3715 27.6447
3720 27.8584
3725 27.8213
3730 27.8179
3735 27.9233
3740 27.8692
3745 28.2408
3750 28.1089
3755 28.078
3760 28.1961
3765 28.2118
3770 28.184
3775 28.327
3780 28.4004
3785 28.8677
3790 28.8577
3795 28.9698
3800 28.7689
3805 28.4488
3810 29.0257
3815 28.7686
3820 28.7943
3825 28.9643
3830 28.5628
3835 28.9221
3840 28.8884
3845 29.0419
3850 28.9933
3855 28.9448
3860 29.2124
3865 28.9842
3870 29.1333
3875 29.3321
3880 29.2574
3885 29.4716
3890 29.2785
3895 29.3424
3900 29.3717
3905 29.3783
3910 29.2976
3915 29.3623
3920 29.2387
3925 29.1892
3930 29.5278
3935 29.6725
3940 29.7854
3945 29.1147
3950 29.4712
3955 29.4243
3960 29.5639
3965 29.6426
3970 29.3741
3975 29.869
3980 30.1174
3985 29.9458
3990 30.2165
3995 30.2718
4000 30.0746
4005 30.482
4010 30.3461
4015 30.3912
4020 30.5139
4025 30.7358
4030 30.4389
4035 30.7012
4040 30.4982
4045 30.6994
4050 30.9562
4055 30.7912
4060 30.54
4065 30.7041
4070 30.6125
4075 31.051
4080 30.7204
4085 30.7854
4090 31.0115
4095 30.8695
4100 30.3737
4105 30.7895
4110 31.0207
4115 30.7808
4120 30.828
4125 30.7716
4130 30.9545
4135 31.3901
4140 31.4283
4145 31.3503
4150 31.4364
4155 31.642
4160 31.2523
4165 31.7553
4170 31.3246
4175 31.3724
4180 31.5436
4185 31.3824
4190 31.3308
4195 31.458
4200 31.3489
4205 31.2665
4210 31.3694
4215 31.5861
4220 31.5758
4225 31.617
4230 31.4579
4235 31.7297
4240 31.8259
4245 32.1759
4250 31.9257
4255 32.1676
4260 32.4048
4265 32.1703
4270 32.196
4275 32.1826
4280 32.3066
4285 32.3979
4290 32.5999
4295 32.4294
4300 32.4046
4305 32.6128
4310 32.4016
4315 33.09
4320 32.3093
4325 32.5354
4330 32.8951
4335 32.7921
4340 32.7133
4345 33.0053
4350 32.8137
4355 32.7836
4360 32.6413
4365 33.1523
4370 33.1219
4375 33.0125
4380 33.1407
4385 33.2421
4390 33.09
4395 33.0682
4400 33.3117
4405 33.3115
4410 33.2221
4415 33.632
4420 33.2468
4425 32.8969
4430 33.271
4435 33.1734
4440 33.0441
4445 33.1847
4450 33.3943
4455 33.5757
4460 33.8757
4465 34.2395
4470 34.1889
4475 33.7778
4480 33.8541
4485 33.9719
4490 34.164
4495 33.7701
4500 34.149
4505 34.1099
4510 34.1185
4515 34.0523
4520 34.1585
4525 34.0466
4530 33.8438
4535 33.9549
4540 34.084
4545 34.1606
4550 33.9722
4555 34.2137
4560 34.7334
4565 34.4591
4570 34.5962
4575 34.7399
4580 34.6964
4585 34.7451
4590 34.7479
4595 35.0322
4600 35.1861
4605 34.6265
4610 35.2173
4615 35.2549
4620 35.3581
4625 34.9483
4630 34.9969
4635 35.0479
4640 34.7229
4645 35.0979
4650 34.8389
4655 35.5577
4660 34.9837
4665 34.9889
4670 35.2063
4675 35.0537
4680 34.9687
4685 35.2162
4690 35.3278
4695 35.4358
4700 35.3796
4705 35.7005
4710 35.7379
4715 35.6025
4720 35.7378
4725 35.334
4730 35.3197
4735 35.2693
4740 35.2872
4745 35.7749
4750 35.619
4755 35.6207
4760 35.5327
4765 35.3011
4770 35.75
4775 35.5117
4780 35.7328
4785 35.9069
4790 36.2567
4795 36.3291
4800 36.4058
4805 36.3856
4810 36.2509
4815 36.4373
4820 36.3778
4825 36.2211
4830 36.339
4835 36.5101
4840 36.4376
4845 36.2893
4850 36.337
4855 36.794
4860 36.7751
4865 36.9173
4870 36.573
4875 36.919
4880 37.0247
4885 36.8634
4890 36.6084
4895 36.5519
4900 36.6483
4905 36.9406
4910 36.8657
4915 36.8723
4920 36.9291
4925 37.0583
4930 36.927
4935 36.9066
4940 37.371
4945 37.2179
4950 37.1804
4955 37.1899
4960 37.3336
4965 37.276
4970 37.1433
4975 37.6899
4980 37.7237
4985 37.8027
4990 37.7539
4995 38.0063
5000 37.8284
